0.7418745603120477
0.017450824794573775
0.014390833016897763
0.016059534584724745
0.020422926721739867
0.014135015611341586
0.017078798889147713
0.016507480974720518
0.01658037908669974
0.014554438906189798
0.0150456460553089
0.03415830013468006
0.25812935671492526
0.9496747846919645
0.44694545943875513
0.01785327524174632
0.8540162352645232
0.02681054392531617
0.01736338704268591
0.014318771673575155
0.014456643113286328
0.01615712253647581
0.9959635467092123
0.20936755633117313
0.06607116954032705
0.022906350138169378
0.034872756604165674
0.032759317037209586
0.016209087145471354
0.0390792095290509
0.04554516693675136
0.05624267813158713
0.016767979452312096
0.016085730583534453
0.028630227993432487
0.12207364411822887
0.013565069203655208
0.18139057757887025
0.9618865744520448
