0
1.12063492063
2.49741496599
4.41850340136
5.41106575964
6.24353741497
7.04399092971
8.48480725624
10.2458049887
11.1102947846
12.2629478458
14.3441269841
15.1765986395
15.9770521542
17.4819047619
18.9227210884
20.2354648526
21.1319727891
22.156553288
23.2771882086
25.0702040816
26.3509297052
27.3114739229
31.7619954649
32.5624489796
33.3629024943
34.1633560091
35.2199546485
36.276553288
37.3331519274
38.3897505669
39.8305668934
41.27138322
42.6801814059
43.5126530612
44.313106576
45.1135600907
46.810521542
48.2513378685
49.6281179138
